# This file specifies which symmetry functions to use

#   beta
G0:
    0.4
    0.5
    0.6
    0.8
    0.9
    1

#   cut-off
G1:
     6.5

#   eta     Rs
G2:
    0       0
    0.01    0
    0.025   0
    0.05    0
    0.1     0
    0.15    0
    0.25    0
    0.5     0
    1       0

#   eta     zeta    lambda
G5:
    0       1        1
    0.01    1        1
    0.025   1        1
    0.05    1        1
    0.1     1        1
    0.15    1        1
    0.25    1        1
    0.5     1        1
    1       1        1
    0       1.5      1
    0.01    1.5      1
    0.025   1.5      1
    0.05    1.5      1
    0.1     1.5      1
    0.15    1.5      1
    0.25    1.5      1
    0.5     1.5      1
    1       1.5      1
    0       3        1
    0.01    3        1
    0.025   3        1
    0.05    3        1
    0.1     3        1
    0.15    3        1
    0.25    3        1
    0.5     3        1
    1       3        1
    0       6        1
    0.01    6        1
    0.025   6        1
    0.05    6        1
    0.1     6        1
    0.15    6        1
    0.25    6        1
    0.5     6        1
    1       6        1
    0       16       1
    0.01    16       1
    0.025   16       1
    0.05    16       1
    0.1     16       1
    0.15    16       1
    0.25    16       1
    0.5     16       1
    1       16       1
    0       64       1
    0.01    64       1
    0.025   64       1
    0.05    64       1
    0.1     64       1
    0.15    64       1
    0.25    64       1
    0.5     64       1
    1       64       1
    0       1       -1
    0.01    1       -1
    0.025   1       -1
    0.05    1       -1
    0.1     1       -1
    0.15    1       -1
    0.25    1       -1
    0.5     1       -1
    1       1       -1
    0       1.5     -1
    0.01    1.5     -1
    0.025   1.5     -1
    0.05    1.5     -1
    0.1     1.5     -1
    0.15    1.5     -1
    0.25    1.5     -1
    0.5     1.5     -1
    1       1.5     -1
    0       3       -1
    0.01    3       -1
    0.025   3       -1
    0.05    3       -1
    0.1     3       -1
    0.15    3       -1
    0.25    3       -1
    0.5     3       -1
    1       3       -1
    0       6       -1
    0.01    6       -1
    0.025   6       -1
    0.05    6       -1
    0.1     6       -1
    0.15    6       -1
    0.25    6       -1
    0.5     6       -1
    1       6       -1
    0       16      -1
    0.01    16      -1
    0.025   16      -1
    0.05    16      -1
    0.1     16      -1
    0.15    16      -1
    0.25    16      -1
    0.5     16      -1
    1       16      -1
    0       64      -1
    0.01    64      -1
    0.025   64      -1
    0.05    64      -1
    0.1     64      -1
    0.15    64      -1
    0.25    64      -1
    0.5     64      -1
    1       64      -1